Topic #0:
1.451998614008773e-19 6.891389251908581e-20 5.842197192764886e-20 4.548039586772665e-20 4.4093798432734975e-20 4.333116984348956e-20 3.503469519078943e-20 3.4364506430543453e-20 3.406407698629526e-20 3.3717427627547354e-20 
Topic #1:
3.426626142822315e-21 1.6263248699500467e-21 1.3787220896155995e-21 1.0733089684982197e-21 1.0405861340927863e-21 1.0225885751697977e-21 8.267969493106206e-22 8.109809126813277e-22 8.038909652268172e-22 7.957102566254588e-22 
Topic #2:
4.6774848803304905e-19 2.2199999861762734e-19 1.8820120607154994e-19 1.4651106548608005e-19 1.4204426470906537e-19 1.395875242817073e-19 1.1286116629923644e-19 1.1070221259034601e-19 1.0973440575532618e-19 1.0861770556107253e-19 
Topic #3:
4.1264627295907456e-22 1.958477138252364e-22 1.6603052332333928e-22 1.2925160992892865e-22 1.2531101206524183e-22 1.2314368324021402e-22 9.95657726891544e-23 9.766115038837242e-23 9.68073541845736e-23 9.582220471865188e-23 
Topic #4:
2.3989053765664427e-21 1.1385541672642262e-21 9.65212922482885e-22 7.513999333252841e-22 7.284913987726839e-22 7.1589170476875375e-22 5.78822306362363e-22 5.67749847995273e-22 5.62786332175543e-22 5.57059198537393e-22 
Topic #5:
2.145221917291632e-22 1.0181524363144431e-22 8.631419714966171e-23 6.719396360385059e-23 6.514536715251366e-23 6.401863910427837e-23 5.176120367044588e-23 5.077104871896637e-23 5.032718615451005e-23 4.981503704167582e-23 
Topic #6:
4.8994346044098454e-21 2.325340440927926e-21 1.9713147668228694e-21 1.5346311159443856e-21 1.487843581921691e-21 1.462110438209209e-21 1.1821650263067523e-21 1.1595510515291167e-21 1.1494137524908659e-21 1.1377168689851926e-21 
Topic #7:
1.6886778639459395e-23 8.014702196859449e-24 6.794489320476421e-24 5.2893809266999995e-24 5.128119313081097e-24 5.0394254255907006e-24 4.074543437437601e-24 3.996600324188465e-24 3.9616603079043696e-24 3.921344904499643e-24 
Topic #8:
1.2983917265497312e-21 6.162349400877445e-22 5.224151336491677e-22 4.0669026227118757e-22 3.94291168909261e-22 3.874716675602015e-22 3.132837589446749e-22 3.072908638197438e-22 3.046043935913264e-22 3.0150462025084482e-22 
Topic #9:
2.900577874681936e-28 1.376654977288164e-28 1.1670636427177997e-28 9.085368864195526e-29 8.808375911018834e-29 8.656029786771653e-29 6.998688616931108e-29 6.864808689562372e-29 6.804793549707422e-29 6.73554531141325e-29 
